8023
--Red--
2406
0,5575
0,515
3939
0,5575
0,5175
--Green--
2633
0,0575
0,5725
2620
0,07
0,58
--Blue--
304
0,19
0,0975
705
0,18
0,1075
---------------------

42559
--Red--
2650
0,5575
0,5175
3939
0,5575
0,5175
--Green--
2624
0,0575
0,5725
2623
0,07
0,58
--Blue--
311
0,1925
0,095
704
0,185
0,105
---------------------

13690
--Red--
1356
0,5575
0,5175
3939
0,5575
0,5175
--Green--
2596
0,06
0,575
2619
0,0725
0,58
--Blue--
343
0,185
0,1025
734
0,1775
0,115
---------------------

37687
--Red--
3678
0,5575
0,5175
3939
0,5575
0,5175
--Green--
2639
0,0575
0,5725
2635
0,07
0,58
--Blue--
307
0,19
0,095
699
0,1825
0,105
---------------------

22145
--Red--
3118
0,5575
0,5175
3427
0,5575
0,5175
--Green--
2769
0,0575
0,5725
2789
0,07
0,58
--Blue--
325
0,1875
0,1
710
0,18
0,11
---------------------

4683
--Red--
1859
0,5575
0,5175
3683
0,5575
0,5175
--Green--
2708
0,0575
0,5725
2722
0,07
0,58
--Blue--
357
0,1875
0,1025
750
0,18
0,1125
---------------------

13129
--Red--
2621
0,5575
0,5175
3683
0,5575
0,5175
--Green--
2631
0,0575
0,5725
2640
0,07
0,58
--Blue--
345
0,1875
0,1
736
0,18
0,11
---------------------

18017
--Red--
2894
0,5575
0,5175
3683
0,5575
0,5175
--Green--
2688
0,06
0,5725
2720
0,0725
0,58
--Blue--
348
0,185
0,1025
732
0,1775
0,1125
---------------------

20805
--Red--
2843
0,5575
0,515
3427
0,5575
0,5175
--Green--
2599
0,0575
0,5725
2619
0,0725
0,58
--Blue--
330
0,1875
0,1
724
0,18
0,11
---------------------

16976
--Red--
2115
0,5575
0,5175
3683
0,5575
0,5175
--Green--
2730
0,06
0,5725
2745
0,0725
0,58
--Blue--
352
0,1875
0,1025
738
0,18
0,1125
---------------------

12120
--Red--
3209
0,555
0,5175
100
0,555
0,5175
--Green--
2781
0,0575
0,5725
2766
0,07
0,58
--Blue--
352
0,185
0,1025
733
0,1775
0,115
---------------------

38978
--Red--
2138
0,5575
0,5175
3683
0,5575
0,5175
--Green--
2603
0,06
0,575
2612
0,0725
0,58
--Blue--
309
0,1875
0,1
704
0,18
0,11
---------------------

15721
--Red--
856
0,5575
0,5175
3939
0,5575
0,515
--Green--
2783
0,0575
0,5725
2782
0,07
0,58
--Blue--
360
0,185
0,105
737
0,1775
0,115
---------------------

14693
--Red--
2124
0,5575
0,5175
3683
0,5575
0,5175
--Green--
2699
0,0575
0,5725
2720
0,07
0,58
--Blue--
349
0,1875
0,1025
733
0,1775
0,1125
---------------------

37678
--Red--
1333
0,5575
0,5175
3683
0,5575
0,5175
--Green--
2648
0,0575
0,5725
2641
0,07
0,58
--Blue--
295
0,19
0,095
687
0,1825
0,105
---------------------

37678
--Red--
1333
0,5575
0,5175
3683
0,5575
0,5175
--Green--
2648
0,0575
0,5725
2641
0,07
0,58
--Blue--
295
0,19
0,095
687
0,1825
0,105
---------------------

42798
--Red--
3626
0,5575
0,5175
3427
0,5575
0,5175
--Green--
2692
0,0575
0,5725
2691
0,07
0,58
--Blue--
296
0,19
0,0975
691
0,1825
0,1075
---------------------

9577
--Red--
2645
0,5575
0,5175
3939
0,5575
0,5175
--Green--
2609
0,0575
0,5725
2618
0,0725
0,58
--Blue--
326
0,1875
0,1025
723
0,1775
0,1125
---------------------

0
--Red--
1118
0,5575
0,5175
100
0,5575
0,5175
--Green--
2630
0,0575
0,5725
2646
0,07
0,58
--Blue--
295
0,19
0,0975
692
0,1825
0,1075
---------------------

8773
--Red--
3676
0,5575
0,5175
3939
0,5575
0,5175
--Green--
2585
0,06
0,5725
2603
0,0725
0,58
--Blue--
336
0,185
0,1025
738
0,1775
0,1125
---------------------

14691
--Red--
3087
0,5575
0,5175
3171
0,5575
0,5175
--Green--
2588
0,06
0,5725
2605
0,0725
0,58
--Blue--
356
0,1875
0,1025
743
0,1775
0,1125
---------------------

8023
--Red--
2406
0,5575
0,515
3939
0,5575
0,5175
--Green--
2633
0,0575
0,5725
2620
0,07
0,58
--Blue--
304
0,19
0,0975
705
0,18
0,1075
---------------------

14691
--Red--
3087
0,5575
0,5175
3171
0,5575
0,5175
--Green--
2588
0,06
0,5725
2605
0,0725
0,58
--Blue--
356
0,1875
0,1025
743
0,1775
0,1125
---------------------

14691
--Red--
3087
0,5575
0,5175
3171
0,5575
0,5175
--Green--
2588
0,06
0,5725
2605
0,0725
0,58
--Blue--
356
0,1875
0,1025
743
0,1775
0,1125
---------------------

42559
--Red--
2650
0,5575
0,5175
3939
0,5575
0,5175
--Green--
2624
0,0575
0,5725
2623
0,07
0,58
--Blue--
311
0,1925
0,095
704
0,185
0,105
---------------------

8023
--Red--
2406
0,5575
0,515
3939
0,5575
0,5175
--Green--
2633
0,0575
0,5725
2620
0,07
0,58
--Blue--
304
0,19
0,0975
705
0,18
0,1075
---------------------

8023
--Red--
2406
0,5575
0,515
3939
0,5575
0,5175
--Green--
2633
0,0575
0,5725
2620
0,07
0,58
--Blue--
304
0,19
0,0975
705
0,18
0,1075
---------------------

8023
--Red--
3942
0,5575
0,515
2403
0,5575
0,5175
--Green--
2633
0,0575
0,5725
2620
0,07
0,58
--Blue--
560
0,19
0,0975
449
0,18
0,1075
---------------------

37687
--Red--
3934
0,5575
0,5175
3683
0,5575
0,5175
--Green--
2639
0,0575
0,5725
2635
0,07
0,58
--Blue--
563
0,19
0,095
443
0,1825
0,105
---------------------

14691
--Red--
3087
0,5575
0,5175
3171
0,5575
0,5175
--Green--
2588
0,06
0,5725
2605
0,0725
0,58
--Blue--
612
0,1875
0,1025
487
0,1775
0,1125
---------------------

14691
--Red--
3087
0,5575
0,5175
3171
0,5575
0,5175
--Green--
2588
0,06
0,5725
2605
0,0725
0,58
--Blue--
612
0,1875
0,1025
487
0,1775
0,1125
---------------------

8023
--Red--
3942
0,5575
0,515
2403
0,5575
0,5175
--Green--
2633
0,0575
0,5725
2620
0,07
0,58
--Blue--
560
0,19
0,0975
449
0,18
0,1075
---------------------

16976
--Red--
3651
0,5575
0,5175
2147
0,5575
0,5175
--Green--
2730
0,06
0,5725
2745
0,0725
0,58
--Blue--
608
0,1875
0,1025
482
0,18
0,1125
---------------------

14691
--Red--
3087
0,5575
0,5175
3171
0,5575
0,5175
--Green--
2588
0,06
0,5725
2605
0,0725
0,58
--Blue--
612
0,1875
0,1025
487
0,1775
0,1125
---------------------

8023
--Red--
3942
0,5575
0,515
2403
0,5575
0,5175
--Green--
2633
0,0575
0,5725
2620
0,07
0,58
--Blue--
560
0,19
0,0975
449
0,18
0,1075
---------------------

4683
--Red--
3651
0,5575
0,5175
1891
0,5575
0,5175
--Green--
2708
0,0575
0,5725
2722
0,07
0,58
--Blue--
613
0,1875
0,1025
494
0,18
0,1125
---------------------

14693
--Red--
3660
0,5575
0,5175
2147
0,5575
0,5175
--Green--
2699
0,0575
0,5725
2720
0,07
0,58
--Blue--
605
0,1875
0,1025
477
0,1775
0,1125
---------------------

14693
--Red--
3660
0,5575
0,5175
2147
0,5575
0,5175
--Green--
2699
0,0575
0,5725
2720
0,07
0,58
--Blue--
605
0,1875
0,1025
477
0,1775
0,1125
---------------------

41775
--Red--
3655
0,5575
0,5175
1123
0,5575
0,5175
--Green--
2705
0,0575
0,5725
2704
0,0725
0,58
--Blue--
580
0,19
0,0975
458
0,1825
0,1075
---------------------

42559
--Red--
3930
0,5575
0,5175
2659
0,5575
0,5175
--Green--
2624
0,0575
0,5725
2623
0,07
0,58
--Blue--
567
0,1925
0,095
448
0,185
0,105
---------------------

8023
--Red--
3942
0,5575
0,515
2403
0,5575
0,5175
--Green--
2633
0,0575
0,5725
2620
0,07
0,58
--Blue--
560
0,19
0,0975
449
0,18
0,1075
---------------------

14691
--Red--
3087
0,5575
0,5175
3171
0,5575
0,5175
--Green--
2588
0,06
0,5725
2605
0,0725
0,58
--Blue--
612
0,1875
0,1025
487
0,1775
0,1125
---------------------

14691
--Red--
3087
0,5575
0,5175
3171
0,5575
0,5175
--Green--
2588
0,06
0,5725
2605
0,0725
0,58
--Blue--
612
0,1875
0,1025
487
0,1775
0,1125
---------------------

4683
--Red--
3651
0,5575
0,5175
1891
0,5575
0,5175
--Green--
2708
0,0575
0,5725
2722
0,07
0,58
--Blue--
613
0,1875
0,1025
494
0,18
0,1125
---------------------

22145
--Red--
3374
0,5575
0,5175
3171
0,5575
0,5175
--Green--
2769
0,0575
0,5725
2789
0,07
0,58
--Blue--
581
0,1875
0,1
454
0,18
0,11
---------------------

38978
--Red--
3674
0,5575
0,5175
2147
0,5575
0,5175
--Green--
2603
0,06
0,575
2612
0,0725
0,58
--Blue--
565
0,1875
0,1
448
0,18
0,11
---------------------

41775
--Red--
3655
0,5575
0,5175
1123
0,5575
0,5175
--Green--
2705
0,0575
0,5725
2704
0,0725
0,58
--Blue--
580
0,19
0,0975
458
0,1825
0,1075
---------------------

37687
--Red--
3934
0,5575
0,5175
3683
0,5575
0,5175
--Green--
2639
0,0575
0,5725
2635
0,07
0,58
--Blue--
563
0,19
0,095
443
0,1825
0,105
---------------------

8773
--Red--
3932
0,5575
0,5175
3683
0,5575
0,5175
--Green--
2585
0,06
0,5725
2603
0,0725
0,58
--Blue--
592
0,185
0,1025
482
0,1775
0,1125
---------------------

4683
--Red--
3651
0,5575
0,5175
1891
0,5575
0,5175
--Green--
2708
0,0575
0,5725
2722
0,07
0,58
--Blue--
613
0,1875
0,1025
494
0,18
0,1125
---------------------

37687
--Red--
3934
0,5575
0,5175
3683
0,5575
0,5175
--Green--
2639
0,0575
0,5725
2635
0,07
0,58
--Blue--
563
0,19
0,095
443
0,1825
0,105
---------------------

